$ 1 0.000005 0.9891409633455756 50 5 43 5e-11
d 240 144 352 144 2 default
R 272 352 272 400 0 2 1000 100 0 0 0.5
R 368 352 368 400 0 2 1000 200 0 3.141592653589793 0.5
f 272 352 272 304 32 1.5 0.02
f 368 352 368 304 32 1.5 0.02
v 464 384 464 304 0 0 40 100 0 0 0.5
w 384 304 464 304 0
g 368 464 368 512 0 0
w 368 464 464 464 0
w 368 464 208 464 0
w 208 464 208 304 0
w 208 304 256 304 0
w 288 304 352 304 0
w 352 256 352 208 0
c 352 208 352 144 4 0.000009999999999999999 -9.786268113389553 0.001 0
w 352 256 352 304 0
v 160 144 240 144 0 0 40 10 0 0 0.5
g 160 144 112 144 0 0
w 464 464 464 384 0
207 352 144 400 144 4 BST
207 352 208 400 208 4 SW
207 80 320 80 368 4 SW
207 80 272 80 208 4 BST
p 80 272 80 320 3 0 0 10000000
o 20 64 0 4099 160 0.00009765625 0 4 20 3 19 0 19 3
o 23 64 0 4098 10 0.1 1 1
